2251799813685240 4
2251799813685241 5
2251799813685242 6
2251799813685243 7
2251799813685244 1
2251799813685245 3
2251799813685246 2
2251799813685247 3
18014398509481976 4
18014398509481977 5
18014398509481978 6
18014398509481979 7
18014398509481980 1
18014398509481981 3
found 18014398509481981
144115188075855848 4
144115188075855849 4
144115188075855850 6
144115188075855851 7
144115188075855852 1
144115188075855853 3
144115188075855854 0
144115188075855855 7
1152921504606846840 0
1152921504606846841 5
found 1152921504606846841
9223372036854774728 5
9223372036854774729 6
found 9223372036854774729
73786976294838197832 1
found 73786976294838197832
590295810358705582656 1
found 590295810358705582656
4722366482869644661248 3
4722366482869644661249 2
4722366482869644661250 5
4722366482869644661251 0
4722366482869644661252 5
4722366482869644661253 3
4722366482869644661254 5
4722366482869644661255 5
37778931862957157290040 2
37778931862957157290041 1
37778931862957157290042 1
37778931862957157290043 0
37778931862957157290044 1
37778931862957157290045 3
found 37778931862957157290045
302231454903657258320360 4
302231454903657258320361 4
302231454903657258320362 2
302231454903657258320363 7
302231454903657258320364 1
302231454903657258320365 3
302231454903657258320366 0
found 302231454903657258320366
2417851639229258066562928 0
2417851639229258066562929 5
found 2417851639229258066562929
19342813113834064532503432 7
found 19342813113834064532503432
154742504910672516260027456 1
154742504910672516260027457 6
154742504910672516260027458 1
154742504910672516260027459 1
154742504910672516260027460 5
found 154742504910672516260027460
1237940039285380130080219680 2
1237940039285380130080219681 0
1237940039285380130080219682 5
1237940039285380130080219683 0
1237940039285380130080219684 5
1237940039285380130080219685 3
1237940039285380130080219686 1
found 1237940039285380130080219686
9903520314283041040641757488 2
9903520314283041040641757489 1
9903520314283041040641757490 3
9903520314283041040641757491 4
found 9903520314283041040641757491
79228162514264328325134059928 7
79228162514264328325134059929 3
79228162514264328325134059930 2
found 79228162514264328325134059930
