0
0
0
0
0
0
1
0
0
0
1
0
1
0
2
2
1
0
0
2
0
0



2
2
0

3
4
0

1
5
1
0
2

1
5
1
1
1
0
2

1
5
1
1
5
2
0

1
0
0
2
1
5
7
3
1
2
0

1
0
0
2
3
7
5
1
1
3
1
0
0



1
0
0
2
1
5
1
1
5
1
3
5
1
0
0
19
0
1
0
1
20
1
0
0
2
1
5
1
1
5
1
1
5
1
1
1
0
2
21
0
1
0
1
22
1
0
0
2
1
5
1
1
5
1
1
5
1
1
5
2
0
23
0
1
0
1
24
1
0
0
2
1
5
7
3
1
5
1
1
5
1
1
2
0
25
0
1
0
1
26
1
0
0
2
3
7
5
1
1
5
7
3
1
3
1
0
0
27
0
1
0
1
28
1
0
0
2
1
5
1
1
5
1
3
7
5
1
1
5
1
0
2
29
0
1
0
1
30
1
0
0
2
1
5
1
1
5
1
1
5
1
1
5
1
3
7
1
0
2
31
0
1
0
1
32
1
0
0
2
1
5
1
1
5
1
1
5
1
1
5
1
1
5
1
1
5
2
0
33
0
1
0
1
34
1
0
0
2
1
5
7
3
1
5
1
1
5
1
1
5
1
1
5
1
1
2
0
35
0
1
0
1
36
1
0
0
2
3
7
5
1
1
5
7
3
1
5
1
1
5
1
1
3
1
0
0
37
0
1
0
1
38
1
0
0
2
1
5
1
1
5
1
3
7
5
1
1
5
7
3
1
5
1
0
2
39
0
1
0
1
40
1
0
0
2
1
5
1
1
5
1
1
5
1
1
5
1
3
7
5
1
1
5
5
2
0
41
0
1
0
1
42
1
0
0
2
1
5
1
1
5
1
1
5
1
1
5
1
1
5
1
1
5
1
3
7
5
2
0
43
0
1
0
1
44
1
0
0
2
1
5
7
3
1
5
1
1
5
1
1
5
1
1
5
1
1
5
1
1
5
1
1
2
0
45
0
1
0
1
46
1
0
0
2
3
7
5
1
1
5
7
3
1
5
1
1
5
1
1
5
1
1
5
1
1
3
1
0
0
47
0
1
0
1
48
1
0
0
2
1
5
1
1
5
1
3
7
5
1
1
5
7
3
1
5
1
1
5
1
1
5
1
0
2
49
0
1
0
1
50
1
0
0
2
1
5
1
1
5
1
1
5
1
1
5
1
3
7
5
1
1
5
7
3
1
5
1
1
1
0
2
51
0
1
0
1
52
1
0
0
2
1
5
1
1
5
1
1
5
1
1
5
1
1
5
1
1
5
1
3
7
5
1
1
5
7
2
0
1
53
0
1
0
1
54
1
0
0
2
1
5
7
3
1
5
1
1
5
1
1
5
1
1
5
1
1
5
1
1
5
1
3
7
5
1
1
2
0
55
0
1
0
1
56
1
0
0
2
3
7
5
1
1
5
7
3
1
5
1
1
5
1
1
5
1
1
5
1
1
5
1
1
5
1
3
2
0
1
57
0
1
0
1
58
1
0
0
2
1
5
1
1
5
1
3
7
5
1
1
5
7
3
1
5
1
1
5
1
1
5
1
1
5
1
1
5
1
0
2
59
0
1
0
1
60
1
0
0
2
1
5
1
1
5
1
1
5
1
1
5
1
3
7
5
1
1
5
7
3
1
5
1
1
5
1
1
5
1
1
1
0
2
61
0
1
0
1
62
1
0
0
2
1
5
1
1
5
1
1
5
1
1
5
1
1
5
1
1
5
1
3
7
5
1
1
5
7
3
1
5
1
1
5
2
0
63
0
1
0
1
64
1
0
0
2
1
5
7
3
1
5
1
1
5
1
1
5
1
1
5
1
1
5
1
1
5
1
3
7
5
1
1
5
7
3
1
2
0
65
0
1
0
1
66
1
0
0
2
3
7
5
1
1
5
7
3
1
5
1
1
5
1
1
5
1
1
5
1
1
5
1
1
5
1
3
7
5
1
1
3
1
0
0
67
0
1
0
1
68
1
0
0
2
1
5
1
1
5
1
3
7
5
1
1
5
7
3
1
5
1
1
5
1
1
5
1
1
5
1
1
5
1
1
5
1
3
5
1
0
0
69
0
1
0
1
70
1
0
0
2
1
5
1
1
5
1
1
5
1
1
5
1
3
7
5
1
1
5
7
3
1
5
1
1
5
1
1
5
1
1
5
1
1
5
1
1
1
0
2
71
0
1
0
1
72
1
0
0
2
1
5
1
1
5
1
1
5
1
1
5
1
1
5
1
1
5
1
3
7
5
1
1
5
7
3
1
5
1
1
5
1
1
5
1
1
5
2
0
73
0
1
0
1
74
1
0
0
2
1
5
7
3
1
5
1
1
5
1
1
5
1
1
5
1
1
5
1
1
5
1
3
7
5
1
1
5
7
3
1
5
1
1
5
1
1
2
0
75
0
1
0
1
76
1
0
0
2
3
7
5
1
1
5
7
3
1
5
1
1
5
1
1
5
1
1
5
1
1
5
1
1
5
1
3
7
5
1
1
5
7
3
1
3
1
0
0
77
0
1
0
1
78
1
0
0
2
1
5
1
1
5
1
3
7
5
1
1
5
7
3
1
5
1
1
5
1
1
5
1
1
5
1
1
5
1
1
5
1
3
7
5
1
1
5
1
0
2
79
0
1
0
1
80
1
0
0
2
1
5
1
1
5
1
1
5
1
1
5
1
3
7
5
1
1
5
7
3
1
5
1
1
5
1
1
5
1
1
5
1
1
5
1
1
5
1
3
7
1
0
2
81
0
1
0
1
82
1
0
0
2
1
5
1
1
5
1
1
5
1
1
5
1
1
5
1
1
5
1
3
7
5
1
1
5
7
3
1
5
1
1
5
1
1
5
1
1
5
1
1
5
1
1
5
2
0
83
0
1
0
1
84
1
0
0
2
1
5
7
3
1
5
1
1
5
1
1
5
1
1
5
1
1
5
1
1
5
1
3
7
5
1
1
5
7
3
1
5
1
1
5
1
1
5
1
1
5
1
1
2
0
85
0
1
0
1
86
1
0
0
2
3
7
5
1
1
5
7
3
1
5
1
1
5
1
1
5
1
1
5
1
1
5
1
1
5
1
3
7
5
1
1
5
7
3
1
5
1
1
5
1
1
3
1
0
0
87
0
1
0
1
88
1
0
0
2
1
5
1
1
5
1
3
7
5
1
1
5
7
3
1
5
1
1
5
1
1
5
1
1
5
1
1
5
1
1
5
1
3
7
5
1
1
5
7
3
1
5
1
0
2
89
0
1
0
1
90
1
0
0
2
1
5
1
1
5
1
1
5
1
1
5
1
3
7
5
1
1
5
7
3
1
5
1
1
5
1
1
5
1
1
5
1
1
5
1
1
5
1
3
7
5
1
1
5
5
2
0
91
0
1
0
1
92
1
0
0
2
1
5
1
1
5
1
1
5
1
1
5
1
1
5
1
1
5
1
3
7
5
1
1
5
7
3
1
5
1
1
5
1
1
5
1
1
5
1
1
5
1
1
5
1
3
7
5
2
0
93
0
1
0
1
94
1
0
0
2
1
5
7
3
1
5
1
1
5
1
1
5
1
1
5
1
1
5
1
1
5
1
3
7
5
1
1
5
7
3
1
5
1
1
5
1
1
5
1
1
5
1
1
5
1
1
5
1
1
2
0
95
0
1
0
1
96
1
0
0
2
3
7
5
1
1
5
7
3
1
5
1
1
5
1
1
5
1
1
5
1
1
5
1
1
5
1
3
7
5
1
1
5
7
3
1
5
1
1
5
1
1
5
1
1
5
1
1
3
1
0
0
97
0
1
0
1
98
1
0
0
2
1
5
1
1
5
1
3
7
5
1
1
5
7
3
1
5
1
1
5
1
1
5
1
1
5
1
1
5
1
1
5
1
3
7
5
1
1
5
7
3
1
5
1
1
5
1
1
5
1
0
2
99
0
1
0
1
100
1
0
0
2
1
5
1
1
5
1
1
5
1
1
5
1
3
7
5
1
1
5
7
3
1
5
1
1
5
1
1
5
1
1
5
1
1
5
1
1
5
1
3
7
5
1
1
5
7
3
1
5
1
1
1
0
2
101
0
1
0
1
102
1
0
0
2
1
5
1
1
5
1
1
5
1
1
5
1
1
5
1
1
5
1
3
7
5
1
1
5
7
3
1
5
1
1
5
1
1
5
1
1
5
1
1
5
1
1
5
1
3
7
5
1
1
5
7
2
0
1
103
0
1
0
1
104
1
0
0
2
1
5
7
3
1
5
1
1
5
1
1
5
1
1
5
1
1
5
1
1
5
1
3
7
5
1
1
5
7
3
1
5
1
1
5
1
1
5
1
1
5
1
1
5
1
1
5
1
3
7
5
1
1
2
0
105
0
1
0
1
106
1
0
0
2
3
7
5
1
1
5
7
3
1
5
1
1
5
1
1
5
1
1
5
1
1
5
1
1
5
1
3
7
5
1
1
5
7
3
1
5
1
1
5
1
1
5
1
1
5
1
1
5
1
1
5
1
3
2
0
1
107
0
1
0
1
108
1
0
0
2
1
5
1
1
5
1
3
7
5
1
1
5
7
3
1
5
1
1
5
1
1
5
1
1
5
1
1
5
1
1
5
1
3
7
5
1
1
5
7
3
1
5
1
1
5
1
1
5
1
1
5
1
1
5
1
0
2
109
0
1
0
1
110
1
0
0
2
1
5
1
1
5
1
1
5
1
1
5
1
3
7
5
1
1
5
7
3
1
5
1
1
5
1
1
5
1
1
5
1
1
5
1
1
5
1
3
7
5
1
1
5
7
3
1
5
1
1
5
1
1
5
1
1
1
0
2
111
0
1
0
1
112
1
0
0
2
1
5
1
1
5
1
1
5
1
1
5
1
1
5
1
1
5
1
3
7
5
1
1
5
7
3
1
5
1
1
5
1
1
5
1
1
5
1
1
5
1
1
5
1
3
7
5
1
1
5
7
3
1
5
1
1
5
2
0
113
0
1
0
1
114
1
0
0
2
1
5
7
3
1
5
1
1
5
1
1
5
1
1
5
1
1
5
1
1
5
1
3
7
5
1
1
5
7
3
1
5
1
1
5
1
1
5
1
1
5
1
1
5
1
1
5
1
3
7
5
1
1
5
7
3
1
2
0
115
0
1
0
1
116
1
0
0
2
3
7
5
1
1
5
7
3
1
5
1
1
5
1
1
5
1
1
5
1
1
5
1
1
5
1
3
7
5
1
1
5
7
3
1
5
1
1
5
1
1
5
1
1
5
1
1
5
1
1
5
1
3
7
5
1
1
3
1
0
0
117
0
1
0
1
118
1
0
0
2
1
5
1
1
5
1
3
7
5
1
1
5
7
3
1
5
1
1
5
1
1
5
1
1
5
1
1
5
1
1
5
1
3
7
5
1
1
5
7
3
1
5
1
1
5
1
1
5
1
1
5
1
1
5
1
1
5
1
3
5
1
0
0
119
0
1
0
1
120
1
0
0
2
1
5
1
1
5
1
1
5
1
1
5
1
3
7
5
1
1
5
7
3
1
5
1
1
5
1
1
5
1
1
5
1
1
5
1
1
5
1
3
7
5
1
1
5
7
3
1
5
1
1
5
1
1
5
1
1
5
1
1
5
1
1
1
0
2
121
0
1
0
1
122
1
0
0
2
1
5
1
1
5
1
1
5
1
1
5
1
1
5
1
1
5
1
3
7
5
1
1
5
7
3
1
5
1
1
5
1
1
5
1
1
5
1
1
5
1
1
5
1
3
7
5
1
1
5
7
3
1
5
1
1
5
1
1
5
1
1
5
2
0
123
0
1
0
1
124
1
0
0
2
1
5
7
3
1
5
1
1
5
1
1
5
1
1
5
1
1
5
1
1
5
1
3
7
5
1
1
5
7
3
1
5
1
1
5
1
1
5
1
1
5
1
1
5
1
1
5
1
3
7
5
1
1
5
7
3
1
5
1
1
5
1
1
2
0
125
0
1
0
1
126
1
0
0
2
3
7
5
1
1
5
7
3
1
5
1
1
5
1
1
5
1
1
5
1
1
5
1
1
5
1
3
7
5
1
1
5
7
3
1
5
1
1
5
1
1
5
1
1
5
1
1
5
1
1
5
1
3
7
5
1
1
5
7
3
1
3
1
0
0
127
0
1
0
1
128
1
0
0
2
1
5
1
1
5
1
3
7
5
1
1
5
7
3
1
5
1
1
5
1
1
5
1
1
5
1
1
5
1
1
5
1
3
7
5
1
1
5
7
3
1
5
1
1
5
1
1
5
1
1
5
1
1
5
1
1
5
1
3
7
5
1
1
5
1
0
2
129
0
1
0
1
130
1
0
0
2
1
5
1
1
5
1
1
5
1
1
5
1
3
7
5
1
1
5
7
3
1
5
1
1
5
1
1
5
1
1
5
1
1
5
1
1
5
1
3
7
5
1
1
5
7
3
1
5
1
1
5
1
1
5
1
1
5
1
1
5
1
1
5
1
3
7
1
0
2
131
0
1
0
1
132
1
0
0
2
1
5
1
1
5
1
1
5
1
1
5
1
1
5
1
1
5
1
3
7
5
1
1
5
7
3
1
5
1
1
5
1
1
5
1
1
5
1
1
5
1
1
5
1
3
7
5
1
1
5
7
3
1
5
1
1
5
1
1
5
1
1
5
1
1
5
1
1
5
2
0
133
0
1
0
1
134
1
0
0
2
1
5
7
3
1
5
1
1
5
1
1
5
1
1
5
1
1
5
1
1
5
1
3
7
5
1
1
5
7
3
1
5
1
1
5
1
1
5
1
1
5
1
1
5
1
1
5
1
3
7
5
1
1
5
7
3
1
5
1
1
5
1
1
5
1
1
5
1
1
2
0
135
0
1
0
1
136
1
0
0
2
3
7
5
1
1
5
7
3
1
5
1
1
5
1
1
5
1
1
5
1
1
5
1
1
5
1
3
7
5
1
1
5
7
3
1
5
1
1
5
1
1
5
1
1
5
1
1
5
1
1
5
1
3
7
5
1
1
5
7
3
1
5
1
1
5
1
1
3
1
0
0
137
0
1
0
1
138
1
0
0
2
1
5
1
1
5
1
3
7
5
1
1
5
7
3
1
5
1
1
5
1
1
5
1
1
5
1
1
5
1
1
5
1
3
7
5
1
1
5
7
3
1
5
1
1
5
1
1
5
1
1
5
1
1
5
1
1
5
1
3
7
5
1
1
5
7
3
1
5
1
0
2
139
0
1
0
1
140
1
0
0
2
1
5
1
1
5
1
1
5
1
1
5
1
3
7
5
1
1
5
7
3
1
5
1
1
5
1
1
5
1
1
5
1
1
5
1
1
5
1
3
7
5
1
1
5
7
3
1
5
1
1
5
1
1
5
1
1
5
1
1
5
1
1
5
1
3
7
5
1
1
5
5
2
0
141
0
1
0
1
142
1
0
0
2
1
5
1
1
5
1
1
5
1
1
5
1
1
5
1
1
5
1
3
7
5
1
1
5
7
3
1
5
1
1
5
1
1
5
1
1
5
1
1
5
1
1
5
1
3
7
5
1
1
5
7
3
1
5
1
1
5
1
1
5
1
1
5
1
1
5
1
1
5
1
3
7
5
2
0
